HpSvcId	WorkorderId
71.005	774.325
71.005	774.324
71.005	774.326
71.006	774.347
71.006	774.346
71.006	774.345
71.006	774.344
71.052	774.737
71.052	774.736
71.052	774.738
69.445	756.529
69.445	756.528
69.445	756.527
70.745	771.409
70.745	771.410
69.442	756.466
69.442	756.465
69.442	756.462
69.442	756.463
69.442	756.467
69.442	756.470
69.442	756.468
69.442	756.469
69.442	756.464
69.448	756.561
69.448	756.555
69.448	756.556
69.448	756.557
69.448	756.558
69.448	756.560
69.448	756.562
69.448	756.563
69.448	756.559
70.743	771.380
70.743	771.379
70.743	771.378
70.743	771.377
71.048	774.695
71.048	774.696
71.048	774.699
71.048	774.697
71.048	774.698
69.478	756.912
69.478	756.911
69.478	756.910
70.746	771.428
70.746	771.427
70.746	771.426
69.477	756.891
69.477	756.895
69.477	756.888
69.477	756.889
69.477	756.890
69.477	756.896
69.477	756.894
69.477	756.892
69.477	756.893
69.479	756.921
69.479	756.916
69.479	756.917
69.479	756.918
69.479	756.920
69.479	756.919
70.744	771.394
70.744	771.393
70.744	771.395
70.744	771.396
71.047	774.678
71.047	774.682
71.047	774.681
71.047	774.680
71.047	774.679
70.823	772.407
70.823	772.408
70.823	772.409
70.911	773.382
70.911	773.381
70.829	772.485
70.829	772.484
70.829	772.483
70.829	772.482
70.829	772.481
70.830	772.504
70.830	772.501
70.830	772.503
70.830	772.505
70.830	772.502
68.523	745.586
68.523	745.581
68.523	745.582
68.523	745.583
68.523	745.585
68.523	745.580
68.523	745.584
66.566	722.933
66.566	722.934
66.566	722.936
66.566	722.935
66.567	722.941
66.567	722.940
66.567	722.939
66.567	722.938
66.563	722.905
66.563	722.909
66.563	722.908
66.563	722.907
66.563	722.906
66.568	722.951
66.568	722.944
66.568	722.945
66.568	722.946
66.568	722.947
66.568	722.948
66.568	722.950
66.568	722.952
66.568	722.943
66.568	722.949
66.569	722.954
66.569	722.956
66.569	722.955
68.442	744.580
68.442	744.581
68.442	744.584
68.442	744.583
68.442	744.582
68.442	744.579
68.471	744.945
68.471	744.944
68.471	744.943
68.471	744.942
68.471	744.941
68.471	744.940
68.474	744.972
68.474	744.965
68.474	744.966
68.474	744.967
68.474	744.968
68.474	744.969
68.474	744.971
68.474	744.970
68.479	745.030
68.479	745.035
68.479	745.029
68.479	745.028
68.479	745.032
68.479	745.034
68.479	745.033
68.479	745.031
68.493	745.157
68.493	745.156
68.493	745.155
68.493	745.154
68.493	745.153
68.493	745.152
68.995	750.909
68.995	750.908
68.996	750.920
68.996	750.913
68.996	750.914
68.996	750.915
68.996	750.916
68.996	750.917
68.996	750.919
68.996	750.918
69.289	754.429
69.289	754.428
70.869	773.027
70.869	773.026
70.869	773.029
70.869	773.028
70.870	773.035
70.870	773.034
70.870	773.033
70.870	773.032
70.870	773.031
70.871	773.040
70.871	773.036
70.871	773.037
70.871	773.039
70.871	773.038
70.878	773.099
70.878	773.102
70.878	773.101
70.878	773.100
70.873	773.056
70.873	773.052
70.873	773.055
70.873	773.054
70.873	773.058
70.873	773.053
70.873	773.059
70.873	773.060
70.873	773.061
70.873	773.057
70.974	774.003
70.974	774.002
70.974	774.001
70.864	772.991
70.864	772.990
70.864	772.989
70.864	772.988
70.865	772.995
70.865	772.994
70.865	772.996
70.865	772.997
70.865	772.998
70.867	773.007
70.867	773.006
70.867	773.005
70.867	773.004
70.867	773.008
70.879	773.104
70.879	773.105
70.879	773.107
70.879	773.106
70.868	773.017
70.868	773.010
70.868	773.011
70.868	773.012
70.868	773.013
70.868	773.014
70.868	773.016
70.868	773.009
70.868	773.018
70.868	773.015
68.854	749.045
68.854	749.044
68.855	749.051
68.855	749.050
68.855	749.052
68.855	749.053
68.856	749.057
68.856	749.056
68.856	749.055
68.856	749.058
70.618	769.671
70.618	769.668
70.618	769.670
70.618	769.672
70.618	769.673
70.618	769.669
71.264	777.150
71.264	777.149
71.264	777.151
71.265	777.168
71.265	777.167
71.265	777.166
71.265	777.169
71.266	777.183
71.266	777.185
71.266	777.184
68.386	743.973
68.386	743.968
68.386	743.969
68.386	743.970
68.386	743.972
68.386	743.974
68.386	743.975
68.386	743.976
68.386	743.977
68.386	743.971
66.630	723.607
66.630	723.606
66.630	723.605
71.877	783.578
71.877	783.577
68.305	743.148
68.305	743.147
68.305	743.149
68.300	743.113
68.300	743.120
68.300	743.112
68.300	743.114
68.300	743.115
68.300	743.116
68.300	743.117
68.300	743.118
68.300	743.119
68.301	743.125
68.301	743.124
68.301	743.123
68.301	743.126
68.302	743.131
68.302	743.130
68.302	743.129
68.302	743.128
68.303	743.133
68.303	743.134
68.303	743.135
68.303	743.136
62.004	673.678
62.004	673.677
62.004	673.676
62.004	673.675
62.004	673.674
62.004	673.673
62.004	673.672
62.004	673.679
62.067	674.445
62.067	674.439
62.067	674.440
62.067	674.441
62.067	674.442
62.067	674.444
62.067	674.446
62.067	674.443
62.068	674.452
62.068	674.455
62.068	674.450
62.068	674.451
62.068	674.454
62.068	674.457
62.068	674.456
62.068	674.453
65.265	708.449
65.265	708.445
65.265	708.446
65.265	708.448
65.265	708.450
65.265	708.447
65.266	708.465
65.266	708.468
65.266	708.467
65.266	708.466
65.267	708.472
65.267	708.470
65.267	708.471
65.267	708.473
65.267	708.475
65.267	708.474
65.269	708.511
65.269	708.510
65.269	708.509
65.269	708.508
64.093	695.469
64.093	695.470
64.093	695.467
64.093	695.471
64.093	695.473
64.093	695.472
64.093	695.468
64.095	695.512
64.095	695.516
64.095	695.515
64.095	695.514
64.095	695.513
64.345	698.436
64.345	698.435
64.345	698.434
64.345	698.438
64.345	698.439
64.345	698.437
69.203	753.454
69.203	753.452
69.203	753.451
69.203	753.453
69.203	753.456
69.203	753.457
69.203	753.458
69.203	753.455
69.200	753.432
69.200	753.433
69.200	753.434
69.200	753.435
69.202	753.446
69.202	753.442
69.202	753.443
69.202	753.445
69.202	753.447
69.202	753.444
68.810	748.646
68.810	748.645
68.806	748.617
68.806	748.614
68.806	748.613
68.806	748.615
68.806	748.616
68.806	748.618
68.806	748.619
68.806	748.620
68.806	748.622
68.806	748.621
68.807	748.628
68.807	748.627
68.807	748.626
68.807	748.625
68.807	748.624
68.809	748.642
68.809	748.641
68.809	748.643
68.809	748.640
63.773	692.223
63.773	692.227
63.773	692.226
63.773	692.225
63.773	692.224
64.341	698.386
64.341	698.387
64.341	698.388
64.341	698.389
64.341	698.391
64.341	698.390
68.911	749.773
68.911	749.770
68.911	749.767
68.911	749.768
68.911	749.769
68.911	749.772
68.911	749.776
68.911	749.774
68.911	749.775
68.911	749.771
71.718	781.790
71.718	781.791
71.718	781.789
71.718	781.787
71.718	781.793
71.718	781.794
71.718	781.795
71.718	781.796
71.718	781.788
71.718	781.792
66.925	726.863
66.925	726.864
66.925	726.865
66.925	726.866
67.830	737.066
67.830	737.065
67.830	737.064
70.805	772.134
70.805	772.136
70.805	772.135
70.995	774.222
70.995	774.221
70.995	774.223
71.051	774.721
71.051	774.720
71.051	774.719
71.318	777.787
71.318	777.789
71.318	777.788
71.349	778.046
71.349	778.045
71.749	782.133
71.749	782.132
71.749	782.131
71.750	782.148
71.750	782.150
71.750	782.149
71.763	782.307
71.763	782.309
71.763	782.308
67.922	738.479
67.922	738.480
67.922	738.478
67.922	738.483
67.922	738.482
67.922	738.481
71.849	783.205
71.849	783.204
71.849	783.206
71.849	783.207
71.849	783.208
71.849	783.203
67.251	730.622
67.251	730.627
67.251	730.621
67.251	730.623
67.251	730.624
67.251	730.625
67.251	730.626
67.727	735.907
67.727	735.908
69.400	755.714
69.400	755.713
69.400	755.712
69.400	755.711
71.041	774.619
71.041	774.615
71.041	774.616
71.041	774.618
71.041	774.620
71.041	774.621
71.041	774.617
71.194	776.334
71.194	776.333
71.194	776.332
71.194	776.331
71.194	776.330
71.194	776.335
71.878	783.617
71.878	783.622
71.878	783.621
71.878	783.620
71.878	783.618
71.878	783.619
69.204	753.464
69.204	753.463
69.204	753.462
69.204	753.465
69.201	753.439
69.201	753.438
69.201	753.437
69.201	753.440
68.313	743.201
68.313	743.200
68.313	743.199
68.312	743.197
68.312	743.194
68.312	743.195
68.312	743.196
68.310	743.186
68.310	743.185
68.310	743.184
68.310	743.187
68.311	743.192
68.311	743.191
68.311	743.190
68.311	743.189
68.308	743.167
68.308	743.166
68.308	743.168
68.308	743.169
68.308	743.170
68.308	743.171
68.404	744.088
68.404	744.081
68.404	744.082
68.404	744.083
68.404	744.084
68.404	744.085
68.404	744.087
68.404	744.089
68.404	744.090
68.404	744.086
63.979	694.301
63.979	694.302
63.979	694.303
63.979	694.304
63.979	694.306
63.979	694.305
64.349	698.486
64.349	698.485
64.349	698.484
64.349	698.483
64.349	698.482
64.349	698.487
65.859	714.882
65.859	714.879
65.859	714.881
65.859	714.883
65.859	714.884
65.859	714.880
68.403	744.079
68.403	744.070
68.403	744.071
68.403	744.073
68.403	744.072
68.403	744.075
68.403	744.076
68.403	744.078
68.403	744.077
68.403	744.074
71.827	783.095
71.827	783.094
71.827	783.093
71.827	783.092
71.827	783.091
71.841	783.117
71.841	783.115
71.841	783.114
71.841	783.116
71.841	783.119
71.841	783.121
71.841	783.120
71.841	783.118
66.570	722.962
66.570	722.961
66.570	722.960
66.572	722.986
66.572	722.983
66.572	722.985
66.572	722.987
66.572	722.988
66.572	722.989
66.572	722.984
66.573	722.997
66.573	722.996
66.573	722.995
66.573	722.994
66.595	723.234
66.595	723.231
66.595	723.233
66.595	723.232
66.596	723.236
66.596	723.241
66.596	723.240
66.596	723.239
66.596	723.238
66.596	723.237
69.399	755.709
69.399	755.706
69.399	755.708
69.399	755.707
66.597	723.245
66.597	723.246
66.597	723.248
66.597	723.247